27,35
51,3
51,2
51,1
51,0
50,3
50,2
50,1
50,0
49,4
49,3
49,2
49,1
49,0
48,4
48,3
48,2
48,1
48,0
47,3
47,2
47,1
47,0
46,3
46,2
46,1
46,0
45,3
45,2
45,1
45,0
44,4
44,3
44,2
44,1
44,0
43,4
43,3
43,2
43,1
43,0
42,3
42,2
42,1
42,0
41,3
41,2
41,1
41,0
40,4
40,3
40,2
40,1
40,0
0,470
39,4
0,469
0,468
0,467
39,3
39,2
0,466
39,1
39,0
0,465
0,464
38,3
38,2
0,463
38,1
38,0
0,462
0,461
0,460
0,459
37,3
37,2
37,1
37,0
36,3
36,2
36,1
36,0
35,4
35,3
35,2
35,1
35,0
34,4
34,3
34,2
34,1
34,0
0,458
0,457
0,456
0,455
0,454
0,453
0,452
0,451
0,450
0,449
0,448
0,447
0,446
0,445
0,444
33,3
33,2
0,443
33,1
33,0
0,442
0,441
0,440
32,3
32,2
0,439
32,1
32,0
0,438
0,437
0,436
0,435
31,4
0,434
0,433
0,432
31,3
31,2
0,431
31,1
31,0
0,430
0,429
0,428
0,427
30,4
0,426
0,425
0,424
30,3
30,2
0,423
30,1
30,0
0,422
25,4
25,2
25,0
0,421
0,420
0,419
0,418
26,4
0,417
26,2
26,0
26,1
26,3
0,416
